(21.20366386, 45.76215994), (21.20278751, 45.75403165)
(21.20330301, 45.75813191), (21.20696305, 45.75798805)
(21.207427, 45.76198012), (21.2064991, 45.75377987)
(21.21294285, 45.76169241), (21.2099014, 45.75392375)
(21.21304595, 45.76162049), (21.2152626, 45.75370794)
(21.2110355, 45.75654939), (21.2144378, 45.75647746)
(21.22284044,45.76147663), (21.21851025,45.76158452), (21.21789165,45.75374391), (21.22201564,45.75367197)
(21.22732529,45.7614047), (21.22691289,45.75356406)
(21.23304734,45.76126085), (21.22727374,45.75744856), (21.23227409,45.75342019)
(21.24541366,45.76139292), (21.2525791,45.76117713)
(21.2488675,45.76124906), (21.24850665,45.75333646)
(21.25819805,45.7529408), (21.258662,45.76099732), (21.2618581,45.75614197), (21.26593054,45.76085346), (21.26556969,45.75272499)
